W = [[  1.19366508e-05   9.99981560e-01  -1.19366508e-05]]
b = [[  1.19366508e-05]]